0.0 80.0 20.0
0.1 78.5 21.2
0.2 77.0615 22.334
0.30000000000000004 75.6816425 23.40521
0.4 74.35770563749999 24.41668655
0.5 73.0870967275625 25.371340066250003
0.6000000000000001 71.86734611069843 26.271941798813753
0.7000000000000001 70.69610129390725 27.12113046706331
0.8 69.57112137090083 27.921418578929554
0.9 68.49027170820689 28.675198448979685
1.0 67.45151888448132 29.384747929674432
1.1 66.45292587096277 30.052235869473826
1.2000000000000002 65.49264744157819 30.679727310808868
1.3 64.56892580175492 31.269188440316167
1.4000000000000001 63.680086425517366 31.82249130314178
1.5 62.824534090942265 32.341418292557876
1.6 62.00074910451987 32.827666425599986
1.7000000000000002 61.207283705418874 33.28285141492238
1.8 60.44275864108185 33.70851154658309
1.9000000000000001 59.705859905986465 34.10611137300723
2.0 58.99533563579695 34.47704522993674
2.1 58.30999314950076 34.82264058575458
2.2 57.648696132478335 35.14416123117196
2.3000000000000003 57.01036195378982 35.442810316886366
2.4000000000000004 56.3939591112828 35.71973324645557
2.5 55.79850479842984 35.97602043128756
2.6 55.223062587094844 36.21270991431753
2.7 54.66674022070382 36.4307898686299
2.8000000000000003 54.12868751255883 36.63120097698508
2.9000000000000004 53.60809434428456 36.8148386979267
3.0 53.10418875963598 36.982555423874594
3.1 52.61623514912257 37.135162536351075
3.2 52.14353252112153 37.273432363242996
3.3000000000000003 51.68541285535835 37.398100042768135
3.4000000000000004 51.24123953482975 37.50986529859226
3.5 50.810405852430854 37.60939413033109
3.6 50.39233358872671 37.697320423469776
3.7 49.986471657477935 37.77424748254022
3.8000000000000003 49.592294815691794 37.84074949121357
3.9000000000000004 49.20930243512377 37.897372902791
4.0 48.83701733230149 37.94463776440974
4.1000000000000005 48.47498465428215 37.98303897812348
4.2 48.12277081748757 38.01304750186542
4.3 47.77996249708769 38.035111493159214
4.4 47.44616566452368 38.04965739830619
4.5 47.121004670876715 38.05709098964748
4.6000000000000005 46.80412137389774 38.05779835337559
4.7 46.49517430661781 38.052146830252276
4.800000000000001 46.193837885557414 38.04048591147706
4.9 45.89980165664802 38.0231480918439
5.0 45.612769577068704 38.00044968222154
5.1000000000000005 45.332459331286415 37.97269158329627
5.2 45.05860167967018 37.94016002242311
5.300000000000001 44.79093983812689 37.90312725534382
5.4 44.529228887280595 37.86185223444604
5.5 44.2732352097875 37.81658124515827
5.6000000000000005 44.02273595444598 37.76754851199927
5.7 43.77751852582481 37.71497677572822
5.800000000000001 43.53738009819375 37.65907784297287
5.9 43.302127152598366 37.60005310964756
6.0 43.07157503597636 37.5380940594101
6.1000000000000005 42.845547541265155 37.473382738347325
6.2 42.62387650750047 37.40609220702221
6.300000000000001 42.4064014389534 37.336386970961556
6.4 42.1929691423988 37.264423390611775
6.5 41.98343338165107 37.1903500717414
6.6000000000000005 41.77765454854462 37.114308237222176
6.7 41.575499349575445 37.036432081076406
6.800000000000001 41.37684050745759 36.95684910563562
6.9 41.18155647688386 36.8756804426157
7.0 40.98953117381408 36.79304115887491
7.1000000000000005 40.80065371764623 36.70904054758494
7.2 40.61481818565677 36.62378240551032
7.300000000000001 40.43192337912556 36.537365297058145
7.4 40.251872600588584 36.44988280572891
7.5 40.07457344168845 36.361423773568816
7.6000000000000005 39.89993758111761 36.27207252919552
7.7 39.727880592173584 36.18190910494201
7.800000000000001 39.558321759468086 36.09100944363722
7.9 39.39118390435413 35.999445595517464
8.0 39.22639321865562 35.90728590573902
8.1 39.063879106304014 35.81459519293996
8.200000000000001 38.90357403250521 35.72143491927784
8.3 38.74541338007814 35.62786335234961
8.4 38.58933531262318 35.53393571938068
8.5 38.43528064419521 35.43970435405172
8.6 38.28319271517137 35.345218836314075
8.700000000000001 38.133017274018364 35.25052612552808
8.8 37.98470236467847 35.155670687242605
8.9 37.838198219306356 35.0606946139189
9.0 37.69345715610208 34.965637739887455
9.1 37.550433481997274 34.87053775081287
9.200000000000001 37.4090833999636 34.77543028792843
9.3 37.26936492072308 34.68034904728985
9.4 37.1312377786508 34.585325874285616
9.5 36.99466335167024 34.49039085363006
9.600000000000001 36.859604584951086 34.395572395054565
9.700000000000001 36.7260259182284 34.30089731490195
9.8 36.593893216570734 34.20639091381946
9.9 36.463173704432855 34.11207705073629
10.0 36.33383590283676 34.01797821330286
10.100000000000001 36.2058495695319 33.92411558496051
10.200000000000001 36.079185641992815 33.83050910880233
10.3 35.95381618311904 33.73717754837812
10.4 35.829714329508626 33.64413854558916
10.5 35.70685424218269 33.55140867581166
10.600000000000001 35.58521105964436 33.45900350038096
10.700000000000001 35.46476085316087 33.36693761656242
10.8 35.34548058416309 33.275224705128764
10.9 35.22734806366159 33.183877575658165
11.0 35.11034191358321 33.09290820966165
11.100000000000001 34.994441529936864 33.00232780164347
11.200000000000001 34.879627047721314 32.9121467981929
11.3 34.76587930749214 32.82237493520154
11.4 34.65317982350887 32.733021273295336
11.5 34.54151075338706 32.644094231566655
11.600000000000001 34.43085486918371 32.555601619687394
11.700000000000001 34.32119552984787 32.46755066848045
11.8 34.21251665497128 32.37994805902299
11.9 34.10480269977746 32.29279995035173
12.0 33.99803863129006 32.20611200583672
12.100000000000001 33.89220990562454 32.11988941828742
12.200000000000001 33.78730244634968 32.034136933851286
12.3 33.68330262386796 31.948858874762742
12.4 33.58019723576651 31.86405916099722
12.5 33.477973488092296 31.779741330882633
12.600000000000001 33.37661897750764 31.695908560718
12.700000000000001 33.27612167428431 31.612563683446613
12.8 33.17646990609614 31.5297092064289
12.9 33.077652342572314 31.447347328357957
13.0 32.97965798057516 31.365479955358666
13.100000000000001 32.88247613016796 31.284108716309408
13.200000000000001 32.786096401239945 31.203234977423485
13.3 32.69050869075742 31.12285985612558
13.4 32.595703170610996 31.04298423425696
13.5 32.50167027603086 30.96360877064147
13.600000000000001 32.40840069454291 30.884733913042844
13.700000000000001 32.315885355440194 30.806359909542415
13.8 32.22411541974504 30.728486819364946
13.9 32.13308227063871 30.651114523178897
14.0 32.04277750433632 30.574242732896305
14.100000000000001 31.95319292138584 30.497871000996142
14.200000000000001 31.864320518371116 30.421998729393973
14.3 31.776152479999716 30.346625177879577
14.4 31.688681171557313 30.271749472143185
14.5 31.601899131711242 30.197370611410037
14.600000000000001 31.51579906564666 30.12348747570196
14.700000000000001 31.430373838519532 30.050098832743835
14.8 31.34561646921142 29.97720334453191
14.9 31.261520124371774 29.90479957358018
15.0 31.178078112734084 29.832885988860212
15.100000000000001 31.095283879692936 29.761460971449086
15.200000000000001 31.013131002129594 29.69052281989947
15.3 30.931613183474344 29.620069755345078
15.4 30.850724248994386 29.550099926354214
15.5 30.77045814129661 29.480611413543475
15.600000000000001 30.690808916035067 29.4116022339631
15.700000000000001 30.61177073781345 29.34307034526491
15.8 30.533337876273414 29.27501364966323
15.9 30.455504702359843 29.2074299976988
16.0 30.378265684754822 29.140317191815033
16.1 30.301615386472253 29.07367298975568
16.2 30.22554846160556 29.007495107792455
16.3 30.15005965222127 28.94178122379079
16.400000000000002 30.075143785391553 28.876528980121492
16.5 30.000795770359193 28.811735986425678
16.6 29.927010595828726 28.74739982224009
16.7 29.85378332737781 28.683518039489464
16.8 29.781109104983152 28.620088164852337
16.900000000000002 29.70898314065562 28.55710770200643
17.0 29.637400716179357 28.49457413375935
17.1 29.56635718095006 28.432484924070156
17.2 29.495847949907713 28.370837519967054
17.3 29.42586850155936 28.309629353366198
17.400000000000002 29.356414376087702 28.2488578427964
17.5 29.287481173541437 28.188520395034264
17.6 29.219064552103585 28.128614406654066
17.7 29.151160226434076 28.069137265496515
17.8 29.083763966083154 28.010086352060302
17.900000000000002 29.016871593972283 27.951459040820158
18.0 28.95047898493938 27.893252701475
18.1 28.884582064345395 27.83546470012954
18.2 28.81917680673935 27.77809240041256
18.3 28.754259234579116 27.721133164534972
18.400000000000002 28.689825417005338 27.664584354290504
18.5 28.625871468666013 27.608443332001897
18.6 28.5623935485894 27.55270746141516
18.7 28.49938785910297 27.497374108544495
18.8 28.436850644796287 27.44244064247022
18.900000000000002 28.374778191525785 27.38790443609204
19.0 28.31316682545948 27.333762866839795
19.1 28.25201291215979 27.28001331734379
19.200000000000003 28.19131285570267 27.226653176066673
19.3 28.131063097831436 27.173679837898725
19.400000000000002 28.071260117143623 27.12109070471839
19.5 28.0119004283094 27.068883185919713
19.6 27.95298058132006 27.01705469890831
19.700000000000003 27.894497160765223 26.965602669567463
19.8 27.83644678513744 26.914524532695744
19.900000000000002 27.778826106162917 26.86381773241762
20.0 27.721631808157195 26.81347972256835
20.1 27.66486060740463 26.763507967054444
20.200000000000003 27.608509251560605 26.713899940190903
20.3 27.552574519075407 26.664653127016386
20.400000000000002 27.49705321863885 26.615765023587404
20.5 27.441942188644628 26.567233137252558
20.6 27.387238296673562 26.519054986907875
20.700000000000003 27.33293843899488 26.47122810323411
20.8 27.27903954008469 26.423750028916984
20.900000000000002 27.225538552160913 26.37661831885117
21.0 27.172432454733915 26.329830540328853
21.1 27.119718254172145 26.283384273213667
21.200000000000003 27.067392983282115 26.2372771101007
21.3 27.015453700902075 26.19150665646332
21.400000000000002 26.96389749150879 26.146070530787462
21.5 26.912721464836817 26.100966364694013
21.6 26.861922755509777 26.05619180304993
21.700000000000003 26.81149852268303 26.011744504068627
21.8 26.76144594969733 25.96762213940023
21.900000000000002 26.7117622437429 25.92382239421217
22.0 26.66244463553357 25.880342967260663
22.1 26.613490378990445 25.837181570953515
22.200000000000003 26.564896750934754 25.794335931404717
22.3 26.51666105078948 25.751803788481272
22.400000000000002 26.468780600289367 25.709582895842622
22.5 26.421252743198984 25.66767102097313
22.6 26.37407484503847 25.626065945207916
22.700000000000003 26.32724429281667 25.584765463752447
22.8 26.2807584947713 25.543767385696206
22.900000000000002 26.234614880115945 25.503069534020746
23.0 26.188810898793463 25.462669745602444
23.1 26.143344021235674 25.42256587121024
23.200000000000003 26.098211738128988 25.382755775498644
23.3 26.053411560185737 25.343237336996264
23.400000000000002 26.008941017921018 25.30400844809009
23.5 25.964797661434794 25.26506701500581
23.6 25.92097906019904 25.22641095778433
23.700000000000003 25.87748280284975 25.18803821025478
23.8 25.834306496983604 25.149946720004134
23.900000000000002 25.791447768959095 25.11213444834368
24.0 25.74890426370199 25.07459937027255
24.1 25.706673644514893 25.037339474438415
24.200000000000003 25.66475359289079 25.00035276309556
24.3 25.62314180833043 24.963637252060508
24.400000000000002 25.58183600816338 24.9271909706653
24.5 25.5408339273726 24.89101196170861
24.6 25.500133318422456 24.855098281404803
24.700000000000003 25.459731951089992 24.819447999331107
24.8 25.419627612299365 24.784059198372972
24.900000000000002 25.37981810595934 24.74892997466777
25.0 25.340301252803712 24.714058437546925
25.1 25.30107489023456 24.67944270947659
25.200000000000003 25.262136872168227 24.645080925996982
25.3 25.22348506888396 24.610971235660436
25.400000000000002 25.18511736687507 24.577111799968304
25.5 25.147031668702557 24.543500793306755
25.6 25.10922589285113 24.510136402881603
25.700000000000003 25.071697973587483 24.47701682865218
25.8 25.03444586082084 24.444140283264364
25.900000000000002 24.997467519965603 24.41150499198285
26.0 24.96076093180612 24.379109192622675
26.1 24.92432409236342 24.34695113548012
26.200000000000003 24.88815501276394 24.315029083262985
26.3 24.8522517191101 24.283341311020376
26.400000000000002 24.816612252352755 24.251886106071968
26.5 24.781234668165375 24.220661767936864
26.6 24.746117036819978 24.189666608262065
26.700000000000003 24.71125744306472 24.158898950750604
26.8 24.676653986003114 24.12835713108938
26.900000000000002 24.642304778974825 24.098039496876762
27.0 24.60820794943799 24.067944407549955
27.1 24.574361638853038 24.038070234312215
27.200000000000003 24.540764002567958 24.00841536005991
27.3 24.507413209704957 23.978978179309472
27.400000000000002 24.474307443048524 23.949757098124287
27.5 24.441444898934797 23.92075053404153
27.6 24.408823787142257 23.891956915998982
27.700000000000003 24.37644233078368 23.863374684261856
27.8 24.344298766199323 23.835002290349674
27.900000000000002 24.312391342851335 23.80683819696317
28.0 24.280718323219315 23.778880877911302
28.1 24.24927798269706 23.75112881803835
28.200000000000003 24.2180686094904 23.72358051315114
28.3 24.18708850451616 23.696234469946415
28.400000000000002 24.156335981302185 23.669089205938345
28.5 24.125809365888397 23.642143249386237
28.6 24.09550699672891 23.615395139222418
28.700000000000003 24.065427224595137 23.588843424980325
28.8 24.035568412479865 23.56248666672282
28.900000000000002 24.005928935502325 23.536323434970733
29.0 23.97650718081418 23.510352310631657
29.1 23.94730154750646 23.48457188492899
29.200000000000003 23.918310446517378 23.45898075933125
29.3 23.889532300541067 23.43357754548166
29.400000000000002 23.860965543937173 23.40836086512803
29.5 23.832608622641303 23.383329350052932
29.6 23.80445999407633 23.358481642004172
29.700000000000003 23.776518127064502 23.33381639262557
29.8 23.7487815017404 23.309332263388093
29.900000000000002 23.721248609464652 23.28502792552126
30.0 23.69391795273846 23.260902059944915
30.1 23.666788045118896 23.236953357201337
30.200000000000003 23.63985741113495 23.213180517387674
30.3 23.613124586204332 23.189582250088744
30.400000000000002 23.586588116551 23.16615727431017
30.5 23.560246559123428 23.142904318411883
30.6 23.53409848151358 23.119822120041995
30.700000000000003 23.50814246187658 23.096909426071008
30.8 23.482377088851088 23.07416499252641
30.900000000000002 23.45680096148034 23.05158758452764
31.0 23.431412689133886 23.029175976221417
31.1 23.406210891429968 23.00692895071745
31.200000000000003 23.381194198158568 22.984845300024528
31.3 23.356361249205094 22.962923824986962
31.400000000000002 23.331710694474705 22.941163335221454
31.5 23.307241193817266 22.919562649054303
31.6 23.28295141695292 22.89812059345902
31.700000000000003 23.258840043398276 22.876836003994306
31.8 23.234905762393204 22.85570772474244
31.900000000000002 23.211147272828224 22.83473460824803
32.0 23.18756328317248 22.813915515457154
32.1 23.16415251140231 22.79324931565689
32.2 23.14091368493039 22.77273488641523
32.300000000000004 23.117845540535434 22.75237111352138
32.4 23.094946824292474 22.732156890926447
32.5 23.072216291503693 22.7120911206845
32.6 23.04965270662979 22.692172712894042
32.7 23.027254843221925 22.672400585639817
32.800000000000004 23.005021483854172 22.65277366493506
32.9 22.98295142005652 22.633290884664092
33.0 22.961043452248386 22.6139511865253
33.1 22.939296389672684 22.594753519974507
33.2 22.917709050330355 22.575696842168725
33.300000000000004 22.89628026091547 22.55678011791027
33.4 22.87500885675079 22.53800231959127
33.5 22.853893681723843 22.51936242713855
33.6 22.83293358822352 22.50085942795887
33.7 22.81212743707711 22.482492316884574
33.800000000000004 22.79147409748787 22.464260096119578
33.9 22.770972446973065 22.446161775185747
34.0 22.750621371302454 22.428196370869635
34.1 22.730419764437286 22.410362907169596
34.2 22.710366528469745 22.392660415243252
34.300000000000004 22.690460573562866 22.37508793335535
34.4 22.6707008178909 22.357644506825945
34.5 22.651086187580148 22.340329187978984
34.6 22.631615616650222 22.32314103609122
34.7 22.61228804695579 22.306079117341486
34.800000000000004 22.593102428128724 22.289142504760356
34.9 22.574057717520713 22.27233027818012
35.0 22.5551528801463 22.25564152418513
35.1 22.536386888626343 22.239075336062502
35.2 22.517758723131934 22.222630813753153
35.300000000000004 22.4992673713287 22.206307063803198
35.4 22.480911828321545 22.190103199315676
35.5 22.46269109659982 22.174018339902638
35.6 22.444604185982875 22.158051611637553
35.7 22.426650113566055 22.142202147008085
35.800000000000004 22.408827903667063 22.126469084869164
35.9 22.39113658777277 22.11085157039643
36.0 22.37357520448638 22.095348755039993
36.1 22.35614279947502 22.07995979647852
36.2 22.338838425417716 22.064683858573662
36.300000000000004 22.321661141953747 22.049520111324806
36.4 22.3046100156314 22.034467730824137
36.5 22.287684119857097 22.01952589921204
36.6 22.27088253484491 22.004693804632822
36.7 22.254204347566446 21.989970641190737
36.800000000000004 22.2376486517011 21.975355608906344
36.9 22.2212145475867 21.960847913673177
37.0 22.204901142170495 21.946446767214717
37.1 22.188707548960526 21.932151387041685
37.2 22.172632887977347 21.917960996409644
37.300000000000004 22.156676285706105 21.9038748242769
37.4 22.14083687504899 21.889892105262717
37.5 22.12511379527802 21.876012079605815
37.6 22.109506191988185 21.8622339931232
37.7 22.094013217050943 21.84855709716927
37.800000000000004 22.078634028568054 21.83498064859521
37.9 22.063367790825758 21.821503909708714
38.0 22.04821367424929 21.808126148233967
38.1 22.03317085535774 21.794846637271934
38.2 22.018238516719233 21.781664655260933
38.300000000000004 22.00341584690647 21.76857948593749
38.400000000000006 21.98870204045256 21.755590418297494
38.5 21.974096297807193 21.74269674655762
38.6 21.959597825293166 21.729897770117034
38.7 21.945205835063177 21.717192793519388
38.800000000000004 21.930919545056987 21.70458112641507
38.900000000000006 21.916738178958862 21.69206208352376
39.0 21.902660966155366 21.67963498459722
39.1 21.888687141693428 21.667299154382412
39.2 21.87481594623874 21.65505392258481
39.300000000000004 21.86104662603447 21.64289862383204
39.400000000000006 21.847378432860246 21.630832597637767
39.5 21.833810623991496 21.61885518836584
39.6 21.820342462159026 21.606965745194692
39.7 21.806973215508943 21.595163622082033
39.800000000000004 21.793702157562862 21.58344817772975
39.900000000000006 21.780528567178386 21.571818775549115
40.0 21.767451728509908 21.56027478362621
40.1 21.754470930969685 21.54881557468762
40.2 21.741585469189197 21.537440526066383
40.300000000000004 21.728794642980795 21.526149019668175
40.400000000000006 21.71609775729964 21.514940441937746
40.5 21.703494122205903 21.503814183825607
40.6 21.690983052827267 21.492769640754958
40.7 21.678563869321685 21.481806212588854
40.800000000000004 21.66623589684042 21.470923303597623
40.900000000000006 21.653998465491362 21.4601203224265
41.0 21.641850910302608 21.449396682063533
41.1 21.629792571186314 21.43875179980768
41.2 21.61782279290281 21.428185097237176
41.300000000000004 21.605940925024985 21.41769600017812
41.400000000000006 21.594146321902922 21.407283938673274
41.5 21.582438342628816 21.396948346951135
41.6 21.57081635100212 21.386688663395176
41.7 21.55927971549497 21.376504330513363
41.800000000000004 21.547827809217864 21.366394794907862
41.900000000000006 21.536460009885573 21.356359507244985
42.0 21.525175699783333 21.346397922225346
42.1 21.513974265733257 21.336509498554253
42.2 21.502855099061012 21.32669369891229
42.300000000000004 21.491817595562733 21.31694998992614
42.400000000000006 21.480861155472187 21.307277842139612
42.5 21.469985183428175 21.297676729984868
42.6 21.45918908844217 21.288146131753887
42.7 21.44847228386619 21.278685529570115
42.800000000000004 21.437834187360938 21.269294409360334
42.900000000000006 21.42727422086412 21.259972260826743
43.0 21.41679181055905 21.250718577419224
43.1 21.406386386843458 21.241532856307828
43.2 21.39605738429853 21.23241459835546
43.300000000000004 21.385804241658175 21.223363308090768
43.400000000000006 21.375626401778536 21.21437849368121
43.5 21.365523311607696 21.205459666906343
43.6 21.35549442215563 21.196606343131307
43.7 21.345539188464365 21.18781804128048
43.800000000000004 21.335657069578364 21.179094283811352
43.900000000000006 21.325847528515133 21.17043459668858
44.0 21.316110032236026 21.161838509358226
44.1 21.30644405161729 21.1533055547222
44.2 21.2968490614213 21.14483526911288
44.300000000000004 21.287324540268028 21.136427192267917
44.400000000000006 21.277869970606684 21.12808086730524
44.5 21.268484838687623 21.119795840698217
44.6 21.259168634534397 21.111571662251023
44.7 21.24992085191606 21.10340788507418
44.800000000000004 21.24074098831964 21.095304065560274
44.900000000000006 21.231628544922856 21.08725976335986
45.0 21.22258302656698 21.07927454135752
45.1 21.213603941729957 21.071347965648133
45.2 21.20469080249967 21.063479605513287
45.300000000000004 21.195843124547444 21.05566903339788
45.400000000000006 21.187060427101716 21.047915824886893
45.5 21.17834223292191 21.04021955868232
45.6 21.16968806827251 21.032579816580288
45.7 21.161097462897303 21.02499618344833
45.800000000000004 21.152569949993836 21.017468247202828
45.900000000000006 21.144105066188047 21.00999559878662
46.0 21.135702351509078 21.002577832146784
46.1 21.127361349364286 20.995214544212562
46.2 21.11908160651443 20.98790533487347
46.300000000000004 21.11086267304904 20.980649806957555
46.400000000000006 21.102704102361965 20.97344756620981
46.5 21.094605451127112 20.966298221270755
46.6 21.08656627927435 20.959201383655174
46.7 21.078586149965595 20.952156667731007
46.800000000000004 21.070664629571077 20.94516369069839
46.900000000000006 21.06280128764577 20.93822207256886
47.0 21.054995696906 20.93133143614471
47.1 21.047247433206245 20.924491406998488
47.2 21.039556075516057 20.917701613452657
47.300000000000004 21.03192120589721 20.9109616865594
47.400000000000006 21.024342409480965 20.904271260080563
47.5 21.016819274445552 20.897629970467765
47.6 21.009351391993768 20.891037456842643
47.7 21.001938356330776 20.88449336097724
47.800000000000004 20.99457976464205 20.877997327274535
47.900000000000006 20.987275217071492 20.87154900274914
48.0 20.980024316699687 20.865148037008098
48.1 20.972826669522355 20.85879408223185
48.2 20.965681884428932 20.85248679315534
48.300000000000004 20.958589573181314 20.846225827049256
48.400000000000006 20.951549350392767 20.840010843701403
48.5 20.944560833506976 20.833841505398215
48.6 20.937623642777265 20.827717476906408
48.7 20.93073740124596 20.82163842545476
48.800000000000004 20.923901734723906 20.815604020716037
48.900000000000006 20.91711627177013 20.809613934789034
49.0 20.910380643671658 20.803667842180765
49.1 20.903694484423482 20.797765419788774
49.2 20.89705743070867 20.791906346883582
49.300000000000004 20.890469121878624 20.78609030509125
49.400000000000006 20.883929199933483 20.780316978376085
49.5 20.877437309502668 20.774586053023473
49.6 20.870993097825572 20.768897217622822
49.7 20.86459621473239 20.76325016305065
49.800000000000004 20.858246312625095 20.75764458245378
49.900000000000006 20.851943046458544 20.752080171232667
50.0 20.845686073721733 20.74655662702486
50.1 20.839475054419186 20.74107364968855
50.2 20.833309651052478 20.735630941286274
50.300000000000004 20.82718952860189 20.730228206068734
50.400000000000006 20.821114354508218 20.724865150458708
50.5 20.815083798654687 20.719541483035112
50.6 20.80909753334902 20.71425691451715
50.7 20.803155233305638 20.709011157748616
50.800000000000004 20.79725657562797 20.70380392768227
50.900000000000006 20.791401239790915 20.69863494136436
51.0 20.785588907623428 20.693503917919248
51.1 20.779819263291227 20.68841057853414
51.2 20.77409199327963 20.683354646443938
51.300000000000004 20.768406786376516 20.678335846916212
51.400000000000006 20.76276333365543 20.673353907236255
51.5 20.757161328458768 20.668408556692274
51.6 20.751600466381145 20.66349952656068
51.7 20.74608044525283 20.658626550091483
51.800000000000004 20.74060096512334 20.653789362493796
51.900000000000006 20.73516172824513 20.64898770092145
52.0 20.72976243905743 20.644221304458707
52.1 20.72440280417017 20.639489914106093
52.2 20.719082532348036 20.634793272766313
52.300000000000004 20.71380133449466 20.630131125230285
52.400000000000006 20.7085589236369 20.62550321816327
52.5 20.703355014909242 20.62090930009111
52.6 20.698189325538333 20.616349121386563
52.7 20.693061574827606 20.611822434255732
52.800000000000004 20.687971484142032 20.60732899272461
52.900000000000006 20.682918776892972 20.602868552625715
53.0 20.677903178523163 20.598440871584803
53.1 20.67292441649178 20.594045709007723
53.2 20.667982220259642 20.589682826067328
53.300000000000004 20.6630763212745 20.5853519856905
53.400000000000006 20.658206452956446 20.581052952545274
53.5 20.65337235068344 20.576785493028044
53.6 20.648573751776915 20.572549375250873
53.7 20.64381039548751 20.568344369028885
53.800000000000004 20.6390820229809 20.564170245867768
53.900000000000006 20.634388377323734 20.560026778951354
54.0 20.62972920346967 20.555913743129288
54.1 20.625104248245513 20.5518309149048
54.2 20.62051326033747 20.547778072422567
54.300000000000004 20.615955990277484 20.543754995456638
54.400000000000006 20.61143219042968 20.539761465398488
54.5 20.606941614976908 20.535797265245126
54.6 20.602484019907386 20.53186217958731
54.7 20.598059163001448 20.52795599459784
54.800000000000004 20.59366680381837 20.524078498019932
54.900000000000006 20.58930670368331 20.520229479155702
55.0 20.584978625674342 20.516408728854696
55.1 20.580682334609577 20.512616039502543
55.2 20.57641759703439 20.50885120500966
55.300000000000004 20.572184181208723 20.505114020800058
55.400000000000006 20.567981857094505 20.50140428380023
55.5 20.563810396343147 20.497721792428113
55.6 20.55966957228313 20.494066346582134
55.7 20.555559159907695 20.49043774763033
55.800000000000004 20.551478935862608 20.486835798399575
55.900000000000006 20.547428678434034 20.48326030316484
56.0 20.54340816753648 20.479711067638576
56.1 20.539417184700838 20.47618789896015
56.2 20.53545551306252 20.47269060568536
56.300000000000004 20.531522937349663 20.46921899777605
56.400000000000006 20.52761924387144 20.46577288658976
56.5 20.52374422050645 20.462352084869497
56.6 20.519897656691178 20.45895640673354
56.7 20.51607934340857 20.45558566766536
56.800000000000004 20.512289073176664 20.45223968450357
56.900000000000006 20.508526640037317 20.448918275431996
57.0 20.504791839545025 20.445621259969784
57.1 20.501084468755796 20.44234845896159
57.2 20.49740432621613 20.439099694567858
57.300000000000004 20.493751211952084 20.435874790255145
57.400000000000006 20.490124927458385 20.432673570786534
57.5 20.486525275687658 20.429495862212107
57.6 20.482952061039708 20.426341491859496
57.7 20.479405089350905 20.423210288324505
57.800000000000004 20.475884167883624 20.42010208146179
57.900000000000006 20.47238910531577 20.41701670237561
58.0 20.468919711730386 20.413953983410657
58.1 20.46547579860534 20.410913758142947
58.2 20.462057178803065 20.407895861370765
58.300000000000004 20.458663666560405 20.4049001291057
58.400000000000006 20.45529507747851 20.401926398563738
58.5 20.451951228512822 20.398974508156396
58.6 20.44863193796313 20.39604429748196
58.7 20.44533702546369 20.393135607316765
58.800000000000004 20.442066311973434 20.390248279606535
58.900000000000006 20.438819619766228 20.387382157457807
59.0 20.435596772421228 20.3845370851294
59.1 20.432397594813285 20.381712908023943
59.2 20.429221913103433 20.37890947267949
59.300000000000004 20.426069554729438 20.376126626761174
59.400000000000006 20.422940348396423 20.373364219052927
59.5 20.41983412406757 20.370622099449267
59.6 20.416750712954865 20.36790011894714
59.7 20.413689947509937 20.365198129637825
59.800000000000004 20.410651661414946 20.362515984698888
59.900000000000006 20.40763568957355 20.35985353838622
60.0 20.404641868101933 20.357210646026104
60.1 20.401670034319906 20.35458716400736
60.2 20.398720026742055 20.351982949773536
60.300000000000004 20.395791685068975 20.34939786181517
60.400000000000006 20.392884850178554 20.346831759662095
60.5 20.389999364117333 20.3442845038758
60.6 20.387135070091915 20.341755956041876
60.7 20.384291812460454 20.33924597876246
60.800000000000004 20.381469436724192 20.336754435648796
60.900000000000006 20.378667789519064 20.334281191313817
61.0 20.37588671860736 20.331826111364784
61.1 20.373126072869475 20.329389062395986
61.2 20.370385702295657 20.326969911981497
61.300000000000004 20.367665457977896 20.324568528667964
61.400000000000006 20.36496519210181 20.322184781967483
61.5 20.362284757938614 20.319818542350493
61.6 20.35962400983716 20.31746968123875
61.7 20.356982803216006 20.315138070998334
61.800000000000004 20.354360994555574 20.312823584932705
61.900000000000006 20.351758441390338 20.310526097275837
62.0 20.349175002301095 20.308245483185367
62.1 20.346610536907274 20.305981618735828
62.2 20.34406490585931 20.303734380911898
62.300000000000004 20.341537970831062 20.301503647601727
62.400000000000006 20.339029594512322 20.299289297590295
62.5 20.33653964060132 20.297091210552832
62.6 20.334067973797342 20.294909267048272
62.7 20.331614459793375 20.292743348512772
62.800000000000004 20.329178965268795 20.290593337253256
62.900000000000006 20.32676135788214 20.288459116441032
63.0 20.32436150626391 20.286340570105445
63.1 20.32197928000942 20.28423758312756
63.2 20.319614549671734 20.282150041233923
63.300000000000004 20.31726718675462 20.28007783099034
63.400000000000006 20.31493706370556 20.278020839795722
63.5 20.312624053908834 20.275978955875964
63.6 20.310328031678633 20.27395206827786
63.7 20.308048872252225 20.2719400668631
63.800000000000004 20.30578645178318 20.26994284230225
63.900000000000006 20.303540647334646 20.267960286068845
64.0 20.301311336872658 20.265992290433473
64.10000000000001 20.29909839925951 20.26403874845792
64.2 20.29690171424718 20.262099553989373
64.3 20.29472116247079 20.260174601654636
64.4 20.292556625442113 20.258263786854414
64.5 20.290407985543148 20.256367005757625
64.60000000000001 20.288275126019723 20.25448415529576
64.7 20.286157930975147 20.25261513315728
64.8 20.284056285363913 20.250759837782066
64.9 20.281970074985455 20.248918168355882
65.0 20.279899186477937 20.247090024804915
65.10000000000001 20.277843507312088 20.245275307790326
65.2 20.275802925785094 20.243473918702858
65.3 20.273777331014525 20.241685759657475
65.4 20.27176661293231 20.239910733488042
65.5 20.269770662278763 20.238148743742048
65.60000000000001 20.267789370596635 20.236399694675363
65.7 20.265822630225227 20.234663491247034
65.8 20.263870334294538 20.232940039114126
65.9 20.261932376719457 20.231229244626594
66.0 20.260008652194003 20.229531014822186
66.10000000000001 20.258099056185596 20.2278452574214
66.2 20.256203484929383 20.22617188082247
66.3 20.254321835422598 20.224510794096382
66.4 20.25245400541896 20.222861906981944
66.5 20.250599893423125 20.221225129880864
66.60000000000001 20.248759398685163 20.2196003738529
66.7 20.24693242119509 20.217987550611014
66.8 20.245118861677433 20.216386572516583
66.9 20.24331862158583 20.214797352574635
67.0 20.241531603097677 20.213219804429112
67.10000000000001 20.23975770910882 20.211653842358192
67.2 20.237996843228263 20.21009938126962
67.3 20.23624890977295 20.2085563366961
67.4 20.234513813762547 20.207024624790673
67.5 20.232791460914296 20.205504162322203
67.60000000000001 20.23108175763788 20.203994866670822
67.7 20.22938461103035 20.202496655823456
67.8 20.22769992887106 20.20100944836936
67.9 20.226027619616673 20.199533163495698
68.0 20.22436759239617 20.19806772098316
68.10000000000001 20.22271975700593 20.19661304120159
68.2 20.22108402390481 20.19516904510566
68.3 20.219460304209306 20.193735654230586
68.4 20.217848509688686 20.192312790687854
68.5 20.216248552760227 20.190900377160993
68.60000000000001 20.21466034648444 20.18949833690137
68.7 20.213083804560355 20.18810659372402
68.8 20.211518841320828 20.186725072003505
68.9 20.20996537172788 20.185353696669814
69.0 20.20842331136808 20.183992393204278
69.10000000000001 20.206892576447963 20.18264108763551
69.2 20.205373083789475 20.181299706535405
69.3 20.203864750825446 20.179968177015134
69.4 20.202367495595112 20.178646426721187
69.5 20.200881236739658 20.177334383831454
69.60000000000001 20.199405893497797 20.176031977051302
69.7 20.197941385701377 20.17473913560972
69.8 20.196487633771035 20.173455789255456
69.9 20.195044558711867 20.17218186825321
70.0 20.193612082109134 20.170917303379852
70.10000000000001 20.192190126124004 20.16966202592064
70.2 20.190778613489318 20.168415967665503
70.3 20.189377467505395 20.167179060905323
70.4 20.187986612035868 20.16595123842827
70.5 20.186605971503536 20.16473243351614
70.60000000000001 20.18523547088627 20.163522579940725
70.7 20.183875035712926 20.16232161196023
70.8 20.18252459205931 20.16112946431568
70.9 20.18118406654414 20.1599460722274
71.0 20.179853386325085 20.15877137139146
71.10000000000001 20.178532479094788 20.157605297976218
71.2 20.177221273076942 20.156447788618827
71.3 20.175919697022394 20.155298780421802
71.4 20.17462768020527 20.154158210949596
71.5 20.17334515241913 20.153026018225212
71.60000000000001 20.172072043973156 20.15190214072684
71.7 20.170808285688363 20.150786517384496
71.8 20.169553808893845 20.14967908757673
71.9 20.168308545423034 20.148579791127304
72.0 20.167072427610005 20.147488568301945
72.10000000000001 20.165845388285796 20.146405359805087
72.2 20.16462736077475 20.14533010677665
72.3 20.163418278890916 20.144262750788847
72.4 20.16221807693442 20.143203233843
72.5 20.16102668968792 20.1421514983664
72.60000000000001 20.15984405241305 20.141107487209165
72.7 20.158670100846905 20.14007114364115
72.8 20.157504771198557 20.139042411348854
72.9 20.15634800014557 20.138021234432358
73.0 20.155199724830577 20.1370075574023
73.10000000000001 20.154059882857858 20.136001325176842
73.2 20.15292841228995 20.135002483078694
73.3 20.151805251644273 20.134010976832133
73.4 20.15069033988981 20.133026752560056
73.5 20.149583616443767 20.13204975678105
73.60000000000001 20.148485021168295 20.131079936406493
73.7 20.147394494367216 20.130117238737665
73.8 20.14631197678279 20.12916161146288
73.9 20.14523740959248 20.12821300265465
74.0 20.14417073440576 20.127271360766862
74.10000000000001 20.14311189326095 20.126336634631972
74.2 20.142060828622068 20.125408773458233
74.3 20.14101748337568 20.124487726826928
74.4 20.139981800827826 20.123573444689633
74.5 20.138953724700922 20.1226658773655
74.60000000000001 20.13793319913071 20.121764975538554
74.7 20.136920168663213 20.12087069025501
74.8 20.135914578251732 20.119982972920624
74.9 20.13491637325385 20.11910177529804
75.0 20.133925499428464 20.118227049504178
75.10000000000001 20.132941902932835 20.11735874800762
75.2 20.131965530319665 20.11649682362605
75.3 20.130996328534195 20.11564122952366
75.4 20.130034244911315 20.114791919208635
75.5 20.129079227172703 20.1139488465306
75.60000000000001 20.128131223423996 20.113111965678137
75.7 20.12719018215196 20.112281231176272
75.8 20.126256052221688 20.111456597884022
75.9 20.125328782873826 20.110638020991935
76.0 20.12440832372182 20.109825456019653
76.10000000000001 20.123494624749167 20.1090188588135
76.2 20.122587636306708 20.10821818554408
76.3 20.121687309109923 20.10742339270389
76.4 20.120793594236254 20.106634437104972
76.5 20.119906443122446 20.10585127587655
76.60000000000001 20.119025807561915 20.105073866462703
76.7 20.11815163970212 20.10430216662006
76.80000000000001 20.117283892041968 20.1035361344155
76.9 20.11642251742923 20.102775728223875
77.0 20.115567469057975 20.102020906725745
77.10000000000001 20.114718700466042 20.10127162890513
77.2 20.113876165532496 20.100527854047296
77.30000000000001 20.11303981847513 20.099789541736527
77.4 20.112209613847984 20.099056651853935
77.5 20.111385506538863 20.098329144575278
77.60000000000001 20.110567451766897 20.097606980368795
77.7 20.1097554050801 20.09689011999307
77.80000000000001 20.10894932235296 20.09617852449488
77.9 20.108149159784034 20.095472155207094
78.0 20.107354873893573 20.094770973746563
78.10000000000001 20.106566421521165 20.09407494201204
78.2 20.105783759823378 20.0933840221821
78.30000000000001 20.105006846271436 20.092698176713103
78.4 20.104235638648912 20.09201736833714
78.5 20.10347009504943 20.091341560060002
78.60000000000001 20.102710173874396 20.09067071515919
78.7 20.10195583383072 20.090004797181905
78.80000000000001 20.10120703392859 20.089343769943063
78.9 20.100463733479234 20.088687597523343
79.0 20.09972589209272 20.088036244267226
79.10000000000001 20.098993469675747 20.087389674781065
79.2 20.098266426429475 20.086747853931147
79.30000000000001 20.09754472284736 20.0861107468418
79.4 20.096828319713012 20.085478318893493
79.5 20.096117178098055 20.08485053572095
79.60000000000001 20.095411259360024 20.084227363211284
79.7 20.094710525140247 20.083608767502145
79.80000000000001 20.094014937361784 20.082994714979886
79.9 20.093324458227336 20.082385172277725
80.0 20.09263905021721 20.08178010627394
80.10000000000001 20.091958676087255 20.081179484090065
80.2 20.091283298866877 20.080583273089108
80.30000000000001 20.090612881856988 20.079991440873773
80.4 20.089947388628037 20.0794039552847
80.5 20.08928678301803 20.07882078439872
80.60000000000001 20.088631029130553 20.078241896527118
80.7 20.08798009133283 20.077667260213914
80.80000000000001 20.087333934253788 20.077096844234152
80.9 20.086692522782126 20.076530617592205
81.0 20.086055822064417 20.07596854952008
81.10000000000001 20.085423797503207 20.075410609475767
81.2 20.084796414755143 20.074856767141558
81.30000000000001 20.084173639729094 20.074306992422414
81.4 20.083555438584316 20.073761255444325
81.5 20.082941777728596 20.07321952655268
81.60000000000001 20.082332623816434 20.072681776310674
81.7 20.081727943747236 20.072147975497682
81.80000000000001 20.08112770466351 20.071618095107695
81.9 20.080531873949074 20.071092106347734
82.0 20.079940419227302 20.070569980636282
82.10000000000001 20.079353308359345 20.07005168960174
82.2 20.078770509442396 20.069537205080874
82.30000000000001 20.078191990807955 20.069026499117296
82.4 20.0776177210201 20.068519543959937
82.5 20.077047668873796 20.06801631206154
82.60000000000001 20.076481803393182 20.06751677607717
82.7 20.075920093829897 20.06702090886272
82.80000000000001 20.075362509661403 20.066528683473436
82.9 20.07480902058934 20.066040073162462
83.0 20.074259596537853 20.065555051379373
83.10000000000001 20.073714207651996 20.065073591768748
83.2 20.07317282429607 20.064595668168725
83.30000000000001 20.07263541705204 20.064121254609585
83.4 20.072101956717933 20.063650325312338
83.5 20.07157241430623 20.063182854687327
83.60000000000001 20.07104676104232 20.062718817332833
83.7 20.07052496836292 20.062258188033695
83.80000000000001 20.070007007914523 20.06180094175994
83.9 20.069492851551857 20.061347053665433
84.0 20.06898247133637 20.060896499086507
84.10000000000001 20.068475839534692 20.06044925354064
84.2 20.067972928617138 20.060005292725116
84.30000000000001 20.067473711256213 20.059564592515706
84.4 20.06697816032512 20.059127128965358
84.5 20.0664862488963 20.0586928783029
84.60000000000001 20.06599795023995 20.05826181693174
84.7 20.065513237822586 20.057833921428585
84.80000000000001 20.065032085305592 20.05740916854218
84.9 20.064554466543797 20.056987535192025
85.0 20.064080355584043 20.05656899846714
85.10000000000001 20.063609726663785 20.056153535624805
85.2 20.063142554209687 20.055741124089337
85.30000000000001 20.062678812836232 20.05533174145085
85.4 20.062218477344345 20.054925365464047
85.5 20.06176152272002 20.054521974047013
85.60000000000001 20.061307924132958 20.054121545280005
85.7 20.060857656935234 20.053724057404263
85.80000000000001 20.06041069665994 20.05332948882084
85.9 20.059967019019858 20.052937818089415
86.0 20.05952659990615 20.05254902392713
86.10000000000001 20.05908941538704 20.05216308520744
86.2 20.058655441706513 20.05177998095896
86.30000000000001 20.05822465528303 20.05139969036432
86.4 20.05779703270824 20.051022192759053
86.5 20.057372550745715 20.050647467630448
86.60000000000001 20.05695118632968 20.05027549461645
86.7 20.056532916563768 20.04990625350455
86.80000000000001 20.056117718719765 20.049539724230687
86.9 20.055705570236384 20.04917588687816
87.0 20.05529644871804 20.048814721676543
87.10000000000001 20.05489033193362 20.04845620900061
87.2 20.05448719781529 20.048100329369262
87.30000000000001 20.054087024457296 20.04774706344449
87.4 20.053689790114753 20.0473963920303
87.5 20.05329547320249 20.047048296071686
87.60000000000001 20.05290405229386 20.046702756653584
87.7 20.052515506119587 20.046359754999855
87.80000000000001 20.052129813566594 20.04601927247225
87.9 20.051746953676876 20.045681290569416
88.0 20.051366905646343 20.04534579092587
88.10000000000001 20.050989648823702 20.04501275531102
88.2 20.05061516270933 20.044682165628164
88.30000000000001 20.05024342695416 20.044354003913504
88.4 20.049874421358577 20.04402825233518
88.5 20.049508125871316 20.0437048931923
88.60000000000001 20.049144520588378 20.043383908913956
88.7 20.04878358575195 20.043065282058304
88.80000000000001 20.048425301749315 20.042748995311594
88.9 20.048069649111813 20.042435031487233
89.0 20.047716608513763 20.042123373524852
89.10000000000001 20.047366160771418 20.04181400448938
89.2 20.04701828684192 20.041506907570128
89.30000000000001 20.046672967822275 20.04120206607986
89.4 20.046330184948314 20.04089946345391
89.5 20.045989919593683 20.040599083249262
89.60000000000001 20.045652153268826 20.040300909143657
89.7 20.045316867619977 20.040004924934724
89.80000000000001 20.044984044428173 20.03971111453908
89.9 20.04465366560825 20.03941946199147
90.0 20.044325713207876 20.039129951443893
90.10000000000001 20.044000169406555 20.038842567164735
90.2 20.043677016514685 20.038557293537924
90.30000000000001 20.043356236972578 20.03827411506208
90.4 20.043037813349503 20.03799301634967
90.5 20.04272172834276 20.03771398212617
90.60000000000001 20.042407964776714 20.03743699722924
90.7 20.042096505601883 20.037162046607897
90.80000000000001 20.041787333893993 20.036889115321696
90.9 20.041480432853078 20.036618188539926
91.0 20.04117578580255 20.03634925154079
91.10000000000001 20.0408733761883 20.03608228971062
91.2 20.040573187577806 20.03581728854307
91.30000000000001 20.04027520365922 20.035554233638333
91.4 20.039979408240505 20.035293110702366
91.5 20.03968578524854 20.035033905546104
91.60000000000001 20.03939431872825 20.03477660408469
91.7 20.039104992841736 20.034521192336715
91.80000000000001 20.038817791867427 20.03426765642345
91.9 20.03853270019921 20.034015982568093
92.0 20.038249702345592 20.033766157095034
92.10000000000001 20.037968782928854 20.033518166429094
92.2 20.037689926684212 20.033271997094797
92.30000000000001 20.037413118459003 20.033027635715637
92.4 20.03713834321184 20.032785069013347
92.5 20.03686558601181 20.032544283807184
92.60000000000001 20.036594832037657 20.032305267013204
92.7 20.03632606657698 20.03206800564356
92.80000000000001 20.036059275025426 20.031832486805794
92.9 20.035794442885905 20.03159869770213
93.0 20.0355315557678 20.031366625628785
93.10000000000001 20.03527059938618 20.031136257975277
93.2 20.03501155956103 20.03090758222374
93.30000000000001 20.03475442221648 20.03068058594825
93.4 20.034499173380034 20.030455256814133
93.5 20.034245799181814 20.030231582577308
93.60000000000001 20.033994285853815 20.030009551083626
93.7 20.03374461972914 20.029789150268194
93.80000000000001 20.033496787241276 20.02957036815473
93.9 20.03325077492334 20.029353192854913
94.0 20.033006569407352 20.029137612567734
94.10000000000001 20.03276415742352 20.028923615578847
94.2 20.032523525799512 20.02871119025995
94.30000000000001 20.032284661459723 20.028500325068144
94.4 20.032047551424593 20.028291008545295
94.5 20.031812182809883 20.028083229317428
94.60000000000001 20.031578542825983 20.027876976094102
94.7 20.031346618777217 20.027672237667797
94.80000000000001 20.031116398061144 20.027469002913307
94.9 20.03088786816788 20.02726726078713
95.0 20.030661016679428 20.027067000326873
95.10000000000001 20.03043583126898 20.026868210650655
95.2 20.03021229970027 20.026670880956516
95.30000000000001 20.029990409826894 20.026475000521827
95.4 20.02977014959166 20.02628055870271
95.5 20.02955150702592 20.02608754493346
95.60000000000001 20.029334470248944 20.025895948725974
95.7 20.02911902746724 20.025705759669172
95.80000000000001 20.028905166973942 20.02551696742844
95.9 20.028692877148163 20.025329561745068
96.0 20.028482146454362 20.025143532435678
96.10000000000001 20.028272963441715 20.024958869391696
96.2 20.028065316743508 20.024775562578778
96.30000000000001 20.027859195076495 20.024593602036283
96.4 20.02765458724031 20.024412977876725
96.5 20.027451482116838 20.02423368028523
96.60000000000001 20.02724986866962 20.02405569951901
96.7 20.02704973594326 20.023879025906833
96.80000000000001 20.02685107306282 20.023703649848493
96.9 20.02665386923322 20.023529561814293
97.0 20.026458113738673 20.02335675234453
97.10000000000001 20.026263795942096 20.02318521204897
97.2 20.026070905284524 20.02301493160634
97.30000000000001 20.025879431284537 20.02284590176384
97.4 20.0256893635377 20.022678113336617
97.5 20.02550069171599 20.022511557207274
97.60000000000001 20.025313405567235 20.022346224325375
97.7 20.02512749491456 20.022182105706957
97.80000000000001 20.024942949655834 20.02201919243404
97.9 20.024759759763118 20.021857475654137
98.0 20.024577915282123 20.021696946579777
98.10000000000001 20.024397406331666 20.021537596488027
98.2 20.024218223103134 20.02137941672002
98.30000000000001 20.024040355859956 20.021222398680482
98.4 20.023863794937068 20.021066533837267
98.5 20.023688530740387 20.02091181372089
98.60000000000001 20.023514553746296 20.02075822992407
98.7 20.02334185450112 20.020605774101274
98.80000000000001 20.023170423620616 20.020454437968258
98.9 20.023000251789465 20.02030421330162
99.0 20.022831329760763 20.020155091938364
99.10000000000001 20.02266364835551 20.020007065775427
99.2 20.022497198462133 20.019860126769274
99.30000000000001 20.022331971035964 20.019714266935438
99.4 20.022167957098773 20.019569478348092
99.5 20.022005147738266 20.019425753139625
99.60000000000001 20.021843534107603 20.019283083500202
99.7 20.021683107424916 20.019141461677346
99.80000000000001 20.02152385897284 20.019000879975525
99.9 20.02136578009803 20.018861330755715
100.0 20.021208862210692 20.018722806435004
